------ Header Fields ---------
ptype   = 0
pfields = 1
pmin    = 20.6132
pmax    = 1010
ngas    = 6
glist  =  1 2 3 4 5 6
gunit =  10 10 10 10 10 10
pltfid = -9999
instid = -9999
nchan  = 2
vchan  = 1231.22 1419.9
ichan  = 1520 1820
iudef = -9999 -9999 -9999 -9999 -9999 -9999 -9999 -9999 -9999 -9999
itype = -9999
-----------------------------
------ Profile Surface & Atmosphere Fields -----------
plat   = 12
plon   = -20
ptime  = 2e+09
stemp  = 284.809
salti  = -9999
spres  = 1010
nemis  = 2
efreq  = 600 3000
emis   = 0.9 0.9
rho    = 0.0318319 0.0318319
nlevs  = 49
plevs  = 20.6132 41.2254 61.8377 82.4499 103.062 123.674 144.287 164.899 185.511 206.123 226.735 247.348 267.96 288.572 309.184 329.797 350.409 371.021 391.633 412.245 432.858 453.47 474.082 494.694 515.307 535.919 556.531 577.143 597.755 618.368 638.98 659.592 680.204 700.817 721.429 742.041 762.653 783.266 803.878 824.49 845.102 865.714 886.327 906.939 927.551 948.163 968.776 989.388 1010
ptemp  = 232.457 221.843 218.778 217.326 216.36 215.702 215.438 215.671 216.169 217.002 218.183 219.592 221.14 223.465 225.817 228.393 231.1 234.075 236.93 239.749 242.43 245.224 247.935 250.484 252.626 254.684 256.671 258.681 260.621 262.495 264.048 265.375 266.662 267.91 269.212 270.518 271.788 273.024 274.218 275.354 276.462 277.543 278.599 279.65 280.728 281.781 282.812 283.821 284.809
gas 1  = 5.43002 4.89511 4.68546 4.39956 4.11208 3.94131 3.74796 3.7037 4.45012 6.3344 10.7383 19.094 30.9533 106.114 188.317 289.112 384.4 475.133 571.922 693.993 810.107 971.963 1135.42 1299.98 1510.81 1713.37 1912.77 2175.12 2428.27 2672.83 2941.63 3223.66 3497.01 3762.2 4153.29 4594.88 5024.38 5442.43 5885.35 6414.03 6929.65 7432.85 7924.21 8450.51 9080.23 9696.11 10298.7 10888.7 11466.5
gas 2  = 363 363 363 363 364.283 365.848 367.163 367.977 368.376 368.481 368.5 368.5 368.5 368.5 368.5 368.5 368.5 368.5 368.5 368.5 368.5 368.5 368.5 368.5 368.5 368.5 368.5 368.5 368.5 368.5 368.5 368.5 368.5 368.5 368.5 368.5 368.5 368.5 368.5 368.5 368.5 368.5 368.5 368.5 368.5 368.5 368.5 368.5 368.5
gas 3  = 7.29722 5.76123 3.93259 2.55558 1.55404 0.957596 0.610533 0.402462 0.279774 0.201794 0.150377 0.116664 0.0953063 0.0842589 0.0751781 0.0688424 0.0639431 0.0608777 0.0581827 0.0561906 0.0542957 0.0529287 0.0516982 0.0505406 0.0495657 0.0486291 0.04773 0.0468975 0.0460943 0.0453183 0.0445598 0.0438199 0.0431029 0.0424072 0.0416212 0.0408064 0.040014 0.0392427 0.0384205 0.0374268 0.0364576 0.0355117 0.0345881 0.0333105 0.0311266 0.0289908 0.0269009 0.0248549 0.0228512
gas 4  = 0.0630308 0.143275 0.217456 0.250143 0.263712 0.274861 0.283769 0.289049 0.293523 0.297528 0.301151 0.30449 0.307599 0.310477 0.31314 0.315594 0.317 0.317 0.317 0.317 0.317 0.317 0.317 0.317 0.317 0.317 0.317 0.317 0.317 0.317 0.317 0.317 0.317 0.317 0.317 0.317 0.317 0.317 0.317 0.317 0.317 0.317 0.317 0.317 0.317 0.317 0.317 0.317 0.317
gas 5  = 0.0289536 0.0214938 0.0194948 0.0209984 0.0250926 0.0309779 0.0370726 0.0426698 0.0467401 0.0512123 0.0561707 0.0611573 0.0659924 0.0700612 0.0738788 0.0775533 0.0808176 0.0836185 0.0862679 0.0887814 0.0911722 0.0934257 0.0955745 0.0976489 0.0997505 0.10177 0.103741 0.106085 0.108347 0.110532 0.113028 0.115704 0.118298 0.120814 0.123973 0.127371 0.130677 0.133894 0.137283 0.141279 0.145177 0.14898 0.152694 0.157195 0.163769 0.170198 0.176489 0.182648 0.18868
gas 6  = 0.78856 1.04898 1.18232 1.28798 1.37613 1.47366 1.5581 1.60856 1.65135 1.6848 1.70635 1.72171 1.73361 1.74286 1.75093 1.75733 1.76256 1.76634 1.7698 1.77277 1.77559 1.77795 1.78016 1.78227 1.78429 1.78624 1.78814 1.79055 1.79287 1.79511 1.79744 1.7998 1.80209 1.80431 1.80728 1.81053 1.8137 1.81679 1.81991 1.82326 1.82652 1.82971 1.83282 1.83655 1.84194 1.8472 1.85236 1.8574 1.86234
gxover = -9999 0 0 0 0 0
scanang = -10
satzen = 15
------ Profile Radiance Fields --------------------
------ Profile User Defined Fields -------------------
pnote =                                                                                 
udef = -9999 -9999 -9999 -9999 -9999 -9999 -9999 -9999 -9999 -9999 -9999 -9999 -9999 -9999 -9999 -9999 -9999 -9999 -9999 -9999
------------------------------------------------------
